function A = Am(S)
A1=0.03324;
A2=0.003624;
A3=-0.0001879;
A=A1*S+A2*S^2+A3*S^3;
end

