function B = Bm(S)
B1=-0.0396;
B2=0.0102;
B3=-0.000702;
B=B1*S+B2*S^2+B3*S^3;
end

